2.830000000000000071e+00
3.049999999999999822e+00
3.109999999999999876e+00
2.930000000000000160e+00
2.950000000000000178e+00
2.870000000000000107e+00
2.660000000000000142e+00
2.680000000000000160e+00
2.589999999999999858e+00
2.479999999999999982e+00
2.470000000000000195e+00
2.370000000000000107e+00
2.290000000000000036e+00
2.370000000000000107e+00
2.379999999999999893e+00
2.299999999999999822e+00
2.359999999999999876e+00
2.379999999999999893e+00
2.430000000000000160e+00
2.479999999999999982e+00
2.509999999999999787e+00
2.609999999999999876e+00
2.649999999999999911e+00
2.680000000000000160e+00
2.750000000000000000e+00
2.759999999999999787e+00
2.779999999999999805e+00
2.899999999999999911e+00
2.970000000000000195e+00
2.970000000000000195e+00
2.879999999999999893e+00
2.890000000000000124e+00
2.959999999999999964e+00
2.899999999999999911e+00
2.839999999999999858e+00
2.959999999999999964e+00
3.180000000000000160e+00
3.069999999999999840e+00
3.000000000000000000e+00
3.109999999999999876e+00
3.330000000000000071e+00
3.379999999999999893e+00
3.339999999999999858e+00
3.490000000000000213e+00
3.589999999999999858e+00
3.459999999999999964e+00
3.339999999999999858e+00
3.410000000000000142e+00
3.479999999999999982e+00
3.600000000000000089e+00
3.799999999999999822e+00
3.930000000000000160e+00
3.930000000000000160e+00
3.919999999999999929e+00
3.970000000000000195e+00
3.720000000000000195e+00
3.209999999999999964e+00
3.089999999999999858e+00
3.049999999999999822e+00
2.979999999999999982e+00
2.879999999999999893e+00
2.919999999999999929e+00
2.970000000000000195e+00
3.200000000000000178e+00
3.540000000000000036e+00
3.759999999999999787e+00
3.799999999999999822e+00
3.740000000000000213e+00
3.859999999999999876e+00
4.019999999999999574e+00
3.959999999999999964e+00
3.990000000000000213e+00
4.120000000000000107e+00
4.309999999999999609e+00
4.339999999999999858e+00
4.400000000000000355e+00
4.429999999999999716e+00
4.679999999999999716e+00
4.530000000000000249e+00
4.530000000000000249e+00
4.690000000000000391e+00
4.719999999999999751e+00
4.490000000000000213e+00
4.250000000000000000e+00
4.280000000000000249e+00
4.349999999999999645e+00
4.150000000000000355e+00
3.899999999999999911e+00
3.799999999999999822e+00
3.799999999999999822e+00
3.890000000000000124e+00
3.930000000000000160e+00
3.839999999999999858e+00
3.839999999999999858e+00
3.779999999999999805e+00
3.740000000000000213e+00
3.779999999999999805e+00
3.709999999999999964e+00
3.879999999999999893e+00
3.919999999999999929e+00
4.040000000000000036e+00
3.979999999999999982e+00
3.919999999999999929e+00
3.939999999999999947e+00
4.059999999999999609e+00
4.080000000000000071e+00
4.040000000000000036e+00
3.930000000000000160e+00
3.839999999999999858e+00
3.870000000000000107e+00
3.910000000000000142e+00
4.009999999999999787e+00
3.979999999999999982e+00
3.979999999999999982e+00
3.930000000000000160e+00
3.919999999999999929e+00
3.859999999999999876e+00
3.830000000000000071e+00
3.919999999999999929e+00
3.930000000000000160e+00
3.970000000000000195e+00
3.930000000000000160e+00
3.990000000000000213e+00
4.019999999999999574e+00
4.000000000000000000e+00
4.080000000000000071e+00
4.110000000000000320e+00
4.120000000000000107e+00
4.129999999999999893e+00
4.169999999999999929e+00
4.150000000000000355e+00
4.219999999999999751e+00
4.230000000000000426e+00
4.200000000000000178e+00
4.169999999999999929e+00
4.190000000000000391e+00
4.190000000000000391e+00
4.200000000000000178e+00
4.190000000000000391e+00
4.150000000000000355e+00
4.179999999999999716e+00
4.190000000000000391e+00
4.209999999999999964e+00
4.209999999999999964e+00
4.200000000000000178e+00
4.209999999999999964e+00
4.209999999999999964e+00
4.200000000000000178e+00
4.250000000000000000e+00
4.290000000000000036e+00
4.349999999999999645e+00
4.450000000000000178e+00
4.620000000000000107e+00
4.610000000000000320e+00
4.830000000000000071e+00
4.870000000000000107e+00
4.750000000000000000e+00
4.780000000000000249e+00
4.809999999999999609e+00
5.019999999999999574e+00
5.219999999999999751e+00
5.179999999999999716e+00
5.009999999999999787e+00
5.160000000000000142e+00
4.839999999999999858e+00
4.580000000000000071e+00
4.629999999999999893e+00
4.540000000000000036e+00
4.589999999999999858e+00
4.849999999999999645e+00
5.019999999999999574e+00
5.160000000000000142e+00
5.280000000000000249e+00
5.299999999999999822e+00
5.480000000000000426e+00
5.750000000000000000e+00
5.700000000000000178e+00
5.530000000000000249e+00
5.559999999999999609e+00
5.740000000000000213e+00
5.639999999999999680e+00
5.870000000000000107e+00
5.719999999999999751e+00
5.500000000000000000e+00
5.419999999999999929e+00
5.459999999999999964e+00
5.580000000000000071e+00
5.700000000000000178e+00
6.030000000000000249e+00
6.040000000000000036e+00
6.190000000000000391e+00
6.299999999999999822e+00
6.169999999999999929e+00
6.320000000000000284e+00
6.570000000000000284e+00
6.719999999999999751e+00
6.690000000000000391e+00
7.160000000000000142e+00
7.099999999999999645e+00
7.139999999999999680e+00
7.650000000000000355e+00
7.790000000000000036e+00
7.240000000000000213e+00
7.070000000000000284e+00
7.389999999999999680e+00
7.910000000000000142e+00
7.839999999999999858e+00
7.459999999999999964e+00
7.530000000000000249e+00
7.389999999999999680e+00
7.330000000000000071e+00
6.839999999999999858e+00
6.389999999999999680e+00
6.240000000000000213e+00
6.110000000000000320e+00
5.700000000000000178e+00
5.830000000000000071e+00
6.389999999999999680e+00
6.519999999999999574e+00
6.730000000000000426e+00
6.580000000000000071e+00
6.139999999999999680e+00
5.929999999999999716e+00
5.809999999999999609e+00
5.929999999999999716e+00
5.950000000000000178e+00
6.080000000000000071e+00
6.070000000000000284e+00
6.190000000000000391e+00
6.129999999999999893e+00
6.110000000000000320e+00
6.110000000000000320e+00
6.209999999999999964e+00
6.549999999999999822e+00
6.480000000000000426e+00
6.280000000000000249e+00
6.360000000000000320e+00
6.459999999999999964e+00
6.639999999999999680e+00
6.709999999999999964e+00
6.669999999999999929e+00
6.849999999999999645e+00
6.900000000000000355e+00
7.129999999999999893e+00
7.400000000000000355e+00
7.089999999999999858e+00
6.790000000000000036e+00
6.730000000000000426e+00
6.740000000000000213e+00
6.990000000000000213e+00
6.959999999999999964e+00
7.209999999999999964e+00
7.509999999999999787e+00
7.580000000000000071e+00
7.540000000000000036e+00
7.809999999999999609e+00
8.039999999999999147e+00
8.039999999999999147e+00
7.900000000000000355e+00
7.679999999999999716e+00
7.429999999999999716e+00
7.500000000000000000e+00
7.389999999999999680e+00
7.730000000000000426e+00
8.230000000000000426e+00
8.060000000000000497e+00
7.860000000000000320e+00
8.060000000000000497e+00
8.400000000000000355e+00
8.429999999999999716e+00
8.140000000000000568e+00
8.050000000000000711e+00
8.000000000000000000e+00
7.740000000000000213e+00
7.790000000000000036e+00
7.730000000000000426e+00
7.559999999999999609e+00
7.900000000000000355e+00
7.860000000000000320e+00
7.830000000000000071e+00
7.769999999999999574e+00
7.589999999999999858e+00
7.410000000000000142e+00
7.290000000000000036e+00
6.870000000000000107e+00
7.209999999999999964e+00
7.389999999999999680e+00
7.459999999999999964e+00
7.370000000000000107e+00
7.459999999999999964e+00
7.280000000000000249e+00
7.330000000000000071e+00
7.400000000000000355e+00
7.339999999999999858e+00
7.519999999999999574e+00
7.580000000000000071e+00
7.690000000000000391e+00
7.959999999999999964e+00
8.029999999999999361e+00
8.039999999999999147e+00
8.150000000000000355e+00
8.349999999999999645e+00
8.460000000000000853e+00
8.640000000000000568e+00
8.410000000000000142e+00
8.419999999999999929e+00
8.640000000000000568e+00
8.810000000000000497e+00
9.009999999999999787e+00
9.099999999999999645e+00
9.099999999999999645e+00
9.119999999999999218e+00
9.179999999999999716e+00
9.250000000000000000e+00
8.910000000000000142e+00
8.949999999999999289e+00
9.029999999999999361e+00
9.330000000000000071e+00
1.030000000000000071e+01
1.065000000000000036e+01
1.039000000000000057e+01
1.080000000000000071e+01
1.241000000000000014e+01
1.275000000000000000e+01
1.147000000000000064e+01
1.017999999999999972e+01
9.779999999999999361e+00
1.025000000000000000e+01
1.109999999999999964e+01
1.150999999999999979e+01
1.175000000000000000e+01
1.267999999999999972e+01
1.283999999999999986e+01
1.257000000000000028e+01
1.318999999999999950e+01
1.311999999999999922e+01
1.367999999999999972e+01
1.409999999999999964e+01
1.347000000000000064e+01
1.427999999999999936e+01
1.493999999999999950e+01
1.532000000000000028e+01
1.515000000000000036e+01
1.339000000000000057e+01
1.372000000000000064e+01
1.458999999999999986e+01
1.442999999999999972e+01
1.385999999999999943e+01
1.386999999999999922e+01
1.361999999999999922e+01
1.430000000000000071e+01
1.394999999999999929e+01
1.306000000000000050e+01
1.233999999999999986e+01
1.091000000000000014e+01
1.055000000000000071e+01
1.053999999999999915e+01
1.046000000000000085e+01
1.072000000000000064e+01
1.050999999999999979e+01
1.040000000000000036e+01
1.038000000000000078e+01
1.084999999999999964e+01
1.138000000000000078e+01
1.184999999999999964e+01
1.165000000000000036e+01
1.153999999999999915e+01
1.168999999999999950e+01
1.183000000000000007e+01
1.166999999999999993e+01
1.183999999999999986e+01
1.232000000000000028e+01
1.263000000000000078e+01
1.341000000000000014e+01
1.356000000000000050e+01
1.335999999999999943e+01
1.272000000000000064e+01
1.251999999999999957e+01
1.216000000000000014e+01
1.157000000000000028e+01
1.150000000000000000e+01
1.138000000000000078e+01
1.150999999999999979e+01
1.185999999999999943e+01
1.142999999999999972e+01
1.084999999999999964e+01
1.016000000000000014e+01
1.031000000000000050e+01
1.033000000000000007e+01
1.036999999999999922e+01
1.024000000000000021e+01
9.779999999999999361e+00
9.259999999999999787e+00
9.189999999999999503e+00
8.699999999999999289e+00
7.780000000000000249e+00
7.299999999999999822e+00
7.709999999999999964e+00
7.799999999999999822e+00
7.299999999999999822e+00
7.169999999999999929e+00
7.450000000000000178e+00
7.429999999999999716e+00
7.250000000000000000e+00
7.110000000000000320e+00
7.080000000000000071e+00
7.250000000000000000e+00
7.250000000000000000e+00
8.019999999999999574e+00
8.609999999999999432e+00
8.400000000000000355e+00
8.449999999999999289e+00
8.759999999999999787e+00
9.419999999999999929e+00
9.519999999999999574e+00
8.859999999999999432e+00
8.990000000000000213e+00
8.669999999999999929e+00
8.210000000000000853e+00
8.369999999999999218e+00
8.720000000000000639e+00
9.089999999999999858e+00
8.919999999999999929e+00
9.060000000000000497e+00
9.259999999999999787e+00
8.980000000000000426e+00
8.800000000000000711e+00
8.960000000000000853e+00
9.109999999999999432e+00
9.089999999999999858e+00
9.169999999999999929e+00
9.359999999999999432e+00
9.179999999999999716e+00
8.859999999999999432e+00
8.279999999999999361e+00
8.019999999999999574e+00
8.109999999999999432e+00
8.189999999999999503e+00
8.009999999999999787e+00
7.870000000000000107e+00
7.839999999999999858e+00
8.210000000000000853e+00
8.470000000000000639e+00
8.589999999999999858e+00
8.789999999999999147e+00
8.759999999999999787e+00
8.480000000000000426e+00
8.470000000000000639e+00
8.750000000000000000e+00
8.890000000000000568e+00
8.720000000000000639e+00
8.390000000000000568e+00
8.080000000000000071e+00
8.089999999999999858e+00
7.849999999999999645e+00
8.109999999999999432e+00
8.039999999999999147e+00
8.070000000000000284e+00
8.279999999999999361e+00
8.269999999999999574e+00
7.900000000000000355e+00
7.650000000000000355e+00
7.530000000000000249e+00
7.419999999999999929e+00
7.089999999999999858e+00
7.030000000000000249e+00
7.339999999999999858e+00
7.540000000000000036e+00
7.480000000000000426e+00
7.389999999999999680e+00
7.259999999999999787e+00
6.839999999999999858e+00
6.589999999999999858e+00
6.419999999999999929e+00
6.589999999999999858e+00
6.870000000000000107e+00
6.769999999999999574e+00
6.599999999999999645e+00
6.259999999999999787e+00
5.980000000000000426e+00
5.969999999999999751e+00
6.040000000000000036e+00
5.959999999999999964e+00
5.809999999999999609e+00
5.679999999999999716e+00
5.360000000000000320e+00
5.330000000000000071e+00
5.719999999999999751e+00
5.769999999999999574e+00
5.750000000000000000e+00
5.969999999999999751e+00
6.480000000000000426e+00
6.969999999999999751e+00
7.179999999999999716e+00
7.099999999999999645e+00
7.299999999999999822e+00
7.240000000000000213e+00
7.459999999999999964e+00
7.740000000000000213e+00
7.959999999999999964e+00
7.809999999999999609e+00
7.780000000000000249e+00
7.469999999999999751e+00
7.200000000000000178e+00
7.059999999999999609e+00
6.629999999999999893e+00
6.169999999999999929e+00
6.280000000000000249e+00
6.490000000000000213e+00
6.200000000000000178e+00
6.040000000000000036e+00
5.929999999999999716e+00
5.709999999999999964e+00
5.650000000000000355e+00
5.809999999999999609e+00
6.269999999999999574e+00
6.509999999999999787e+00
6.740000000000000213e+00
6.910000000000000142e+00
6.870000000000000107e+00
6.639999999999999680e+00
6.830000000000000071e+00
6.530000000000000249e+00
6.200000000000000178e+00
6.299999999999999822e+00
6.580000000000000071e+00
6.419999999999999929e+00
6.690000000000000391e+00
6.889999999999999680e+00
6.709999999999999964e+00
6.490000000000000213e+00
6.219999999999999751e+00
6.299999999999999822e+00
6.209999999999999964e+00
6.030000000000000249e+00
5.879999999999999893e+00
5.809999999999999609e+00
5.540000000000000036e+00
5.570000000000000284e+00
5.650000000000000355e+00
5.639999999999999680e+00
5.650000000000000355e+00
5.500000000000000000e+00
5.459999999999999964e+00
5.339999999999999858e+00
4.809999999999999609e+00
4.530000000000000249e+00
4.830000000000000071e+00
4.650000000000000355e+00
4.719999999999999751e+00
5.000000000000000000e+00
5.230000000000000426e+00
5.179999999999999716e+00
5.540000000000000036e+00
5.900000000000000355e+00
5.790000000000000036e+00
5.940000000000000391e+00
5.919999999999999929e+00
6.110000000000000320e+00
6.030000000000000249e+00
6.280000000000000249e+00
6.660000000000000142e+00
6.519999999999999574e+00
6.259999999999999787e+00
5.990000000000000213e+00
6.440000000000000391e+00
6.099999999999999645e+00
6.049999999999999822e+00
5.830000000000000071e+00
5.799999999999999822e+00
5.740000000000000213e+00
5.719999999999999751e+00
5.240000000000000213e+00
5.160000000000000142e+00
5.099999999999999645e+00
4.889999999999999680e+00
5.139999999999999680e+00
5.389999999999999680e+00
5.280000000000000249e+00
5.240000000000000213e+00
4.969999999999999751e+00
4.730000000000000426e+00
4.570000000000000284e+00
4.650000000000000355e+00
5.089999999999999858e+00
5.040000000000000036e+00
4.910000000000000142e+00
5.280000000000000249e+00
5.209999999999999964e+00
5.160000000000000142e+00
4.929999999999999716e+00
4.650000000000000355e+00
4.259999999999999787e+00
3.870000000000000107e+00
3.939999999999999947e+00
4.049999999999999822e+00
4.030000000000000249e+00
4.049999999999999822e+00
3.899999999999999911e+00
3.810000000000000053e+00
3.959999999999999964e+00
3.569999999999999840e+00
3.330000000000000071e+00
3.979999999999999982e+00
4.450000000000000178e+00
4.269999999999999574e+00
4.290000000000000036e+00
4.299999999999999822e+00
4.269999999999999574e+00
4.150000000000000355e+00
4.080000000000000071e+00
3.830000000000000071e+00
4.349999999999999645e+00
4.719999999999999751e+00
4.730000000000000426e+00
4.500000000000000000e+00
4.280000000000000249e+00
4.129999999999999893e+00
4.099999999999999645e+00
4.190000000000000391e+00
4.230000000000000426e+00
4.219999999999999751e+00
4.169999999999999929e+00
4.500000000000000000e+00
4.339999999999999858e+00
4.139999999999999680e+00
4.000000000000000000e+00
4.179999999999999716e+00
4.259999999999999787e+00
4.200000000000000178e+00
4.459999999999999964e+00
4.540000000000000036e+00
4.469999999999999751e+00
4.419999999999999929e+00
4.570000000000000284e+00
4.719999999999999751e+00
4.990000000000000213e+00
5.110000000000000320e+00
5.110000000000000320e+00
5.089999999999999858e+00
4.879999999999999893e+00
4.719999999999999751e+00
4.730000000000000426e+00
4.599999999999999645e+00
4.559999999999999609e+00
4.759999999999999787e+00
4.719999999999999751e+00
4.559999999999999609e+00
4.690000000000000391e+00
4.750000000000000000e+00
5.099999999999999645e+00
5.000000000000000000e+00
4.669999999999999929e+00
4.519999999999999574e+00
4.530000000000000249e+00
4.150000000000000355e+00
4.099999999999999645e+00
3.740000000000000213e+00
3.740000000000000213e+00
3.509999999999999787e+00
3.680000000000000160e+00
3.879999999999999893e+00
4.099999999999999645e+00
4.009999999999999787e+00
3.890000000000000124e+00
3.689999999999999947e+00
3.810000000000000053e+00
3.529999999999999805e+00
2.419999999999999929e+00
2.520000000000000018e+00
2.870000000000000107e+00
2.819999999999999840e+00
2.930000000000000160e+00
3.290000000000000036e+00
3.720000000000000195e+00
3.560000000000000053e+00
3.589999999999999858e+00
3.399999999999999911e+00
3.390000000000000124e+00
3.399999999999999911e+00
3.589999999999999858e+00
3.729999999999999982e+00
3.689999999999999947e+00
3.729999999999999982e+00
3.850000000000000089e+00
3.419999999999999929e+00
3.200000000000000178e+00
3.009999999999999787e+00
2.700000000000000178e+00
2.649999999999999911e+00
2.540000000000000036e+00
2.759999999999999787e+00
3.290000000000000036e+00
3.390000000000000124e+00
3.580000000000000071e+00
3.410000000000000142e+00
3.459999999999999964e+00
3.169999999999999929e+00
3.000000000000000000e+00
3.000000000000000000e+00
2.299999999999999822e+00
1.979999999999999982e+00
2.149999999999999911e+00
2.009999999999999787e+00
1.979999999999999982e+00
1.969999999999999973e+00
1.969999999999999973e+00
2.169999999999999929e+00
2.049999999999999822e+00
1.800000000000000044e+00
1.620000000000000107e+00
1.530000000000000027e+00
1.679999999999999938e+00
1.719999999999999973e+00
1.750000000000000000e+00
1.649999999999999911e+00
1.719999999999999973e+00
1.909999999999999920e+00
1.979999999999999982e+00
1.959999999999999964e+00
1.760000000000000009e+00
1.929999999999999938e+00
2.299999999999999822e+00
2.580000000000000071e+00
2.740000000000000213e+00
2.810000000000000053e+00
2.620000000000000107e+00
2.720000000000000195e+00
2.899999999999999911e+00
2.859999999999999876e+00
2.709999999999999964e+00
2.720000000000000195e+00
2.709999999999999964e+00
2.560000000000000053e+00
2.600000000000000089e+00
2.540000000000000036e+00
2.419999999999999929e+00
2.529999999999999805e+00
2.299999999999999822e+00
2.330000000000000071e+00
2.209999999999999964e+00
1.879999999999999893e+00
1.979999999999999982e+00
2.040000000000000036e+00
1.939999999999999947e+00
2.200000000000000178e+00
2.359999999999999876e+00
2.319999999999999840e+00
2.169999999999999929e+00
2.169999999999999929e+00
2.069999999999999840e+00
2.259999999999999787e+00
2.240000000000000213e+00
2.089999999999999858e+00
1.780000000000000027e+00
1.889999999999999902e+00
1.810000000000000053e+00
1.810000000000000053e+00
1.639999999999999902e+00
1.500000000000000000e+00
1.560000000000000053e+00
1.629999999999999893e+00
1.760000000000000009e+00
2.140000000000000124e+00
2.490000000000000213e+00
2.430000000000000160e+00
2.419999999999999929e+00
2.479999999999999982e+00
2.299999999999999822e+00
2.299999999999999822e+00
2.189999999999999947e+00
2.319999999999999840e+00
2.209999999999999964e+00
2.200000000000000178e+00
2.359999999999999876e+00
2.350000000000000089e+00
2.399999999999999911e+00
2.580000000000000071e+00
2.859999999999999876e+00
2.839999999999999858e+00
2.870000000000000107e+00
2.979999999999999982e+00
2.910000000000000142e+00
2.890000000000000124e+00
2.890000000000000124e+00
3.000000000000000000e+00
3.149999999999999911e+00
3.120000000000000107e+00
2.830000000000000071e+00
2.709999999999999964e+00
2.680000000000000160e+00
