1.011800000000000033e+00
1.007500000000000062e+00
1.006399999999999961e+00
1.007700000000000040e+00
1.008699999999999930e+00
1.021300000000000097e+00
1.021300000000000097e+00
1.012999999999999901e+00
1.012999999999999901e+00
1.004699999999999926e+00
1.003900000000000015e+00
9.992999999999999661e-01
1.005900000000000016e+00
1.004699999999999926e+00
9.985000000000000542e-01
9.957000000000000295e-01
9.889000000000000012e-01
9.795000000000000373e-01
9.839999999999999858e-01
9.824000000000000510e-01
9.829999999999999849e-01
9.827000000000000179e-01
9.874000000000000554e-01
9.968000000000000194e-01
9.992999999999999661e-01
9.956000000000000405e-01
9.967000000000000304e-01
1.000699999999999923e+00
1.000799999999999912e+00
9.983999999999999542e-01
9.995000000000000551e-01
1.003900000000000015e+00
1.008299999999999974e+00
1.001100000000000101e+00
9.990999999999999881e-01
9.993999999999999551e-01
9.915000000000000480e-01
9.766000000000000236e-01
9.719999999999999751e-01
9.676000000000000156e-01
9.623000000000000442e-01
9.664000000000000368e-01
9.762999999999999456e-01
9.798999999999999932e-01
9.864000000000000545e-01
9.829999999999999849e-01
9.874000000000000554e-01
9.881999999999999673e-01
9.948000000000000176e-01
1.000399999999999956e+00
1.000499999999999945e+00
1.010999999999999899e+00
1.028599999999999959e+00
1.026399999999999979e+00
1.030899999999999928e+00
1.035400000000000098e+00
1.026299999999999990e+00
1.025099999999999900e+00
1.013900000000000023e+00
1.013900000000000023e+00
1.006499999999999950e+00
9.935000000000000497e-01
9.858999999999999986e-01
9.836000000000000298e-01
9.801999999999999602e-01
9.736000000000000210e-01
9.721999999999999531e-01
9.854000000000000536e-01
9.750999999999999668e-01
9.727000000000000091e-01
9.858999999999999986e-01
1.018299999999999983e+00
1.010299999999999976e+00
1.027900000000000036e+00
1.051299999999999901e+00
1.051500000000000101e+00
1.048599999999999977e+00
1.057700000000000085e+00
1.061199999999999921e+00
1.074999999999999956e+00
1.073299999999999921e+00
1.098899999999999988e+00
1.109299999999999953e+00
1.097299999999999942e+00
1.101199999999999957e+00
1.112999999999999989e+00
1.125799999999999912e+00
1.141699999999999937e+00
1.118600000000000039e+00
1.121799999999999908e+00
1.124600000000000044e+00
1.140400000000000080e+00
1.166400000000000103e+00
1.182800000000000074e+00
1.173100000000000032e+00
1.179799999999999960e+00
1.189899999999999958e+00
1.195599999999999996e+00
1.173899999999999944e+00
1.146400000000000086e+00
1.155599999999999961e+00
1.172400000000000109e+00
1.163899999999999935e+00
1.170600000000000085e+00
1.165300000000000002e+00
1.175400000000000000e+00
1.179699999999999971e+00
1.169999999999999929e+00
1.163999999999999924e+00
1.155499999999999972e+00
1.173100000000000032e+00
1.186099999999999932e+00
1.174099999999999921e+00
1.151599999999999957e+00
1.152300000000000102e+00
1.159200000000000008e+00
1.164700000000000069e+00
1.169100000000000028e+00
1.186399999999999899e+00
1.196800000000000086e+00
1.190900000000000070e+00
1.198399999999999910e+00
1.191400000000000015e+00
1.190999999999999837e+00
1.200999999999999845e+00
1.204099999999999948e+00
1.210700000000000109e+00
1.223200000000000065e+00
1.200800000000000090e+00
1.202900000000000080e+00
1.187200000000000033e+00
1.185100000000000042e+00
1.192600000000000104e+00
1.213999999999999968e+00
1.220499999999999918e+00
1.225200000000000067e+00
1.233600000000000030e+00
1.275600000000000067e+00
1.270000000000000018e+00
1.245200000000000085e+00
1.234799999999999898e+00
1.230099999999999971e+00
1.226199999999999957e+00
1.238499999999999934e+00
1.228699999999999903e+00
1.227700000000000014e+00
1.226299999999999946e+00
1.232499999999999929e+00
1.229200000000000070e+00
1.232299999999999951e+00
1.232299999999999951e+00
1.233800000000000008e+00
1.232599999999999918e+00
1.231999999999999984e+00
1.236699999999999910e+00
1.246899999999999897e+00
1.248399999999999954e+00
1.247999999999999998e+00
1.269700000000000051e+00
1.279600000000000071e+00
1.294399999999999995e+00
1.304000000000000048e+00
1.323800000000000088e+00
1.303500000000000103e+00
1.314500000000000002e+00
1.318999999999999950e+00
1.316799999999999971e+00
1.320100000000000051e+00
1.324000000000000066e+00
1.354700000000000015e+00
1.383999999999999897e+00
1.365799999999999903e+00
1.375599999999999934e+00
1.367599999999999927e+00
1.352600000000000025e+00
1.357499999999999929e+00
1.370300000000000074e+00
1.366700000000000026e+00
1.376500000000000057e+00
1.395499999999999963e+00
1.406999999999999806e+00
1.404300000000000104e+00
1.400900000000000034e+00
1.387899999999999912e+00
1.375699999999999923e+00
1.389899999999999913e+00
1.380800000000000027e+00
1.388500000000000068e+00
1.387299999999999978e+00
1.388500000000000068e+00
1.386300000000000088e+00
1.380100000000000104e+00
1.360600000000000032e+00
1.334000000000000075e+00
1.319399999999999906e+00
1.319199999999999928e+00
1.341099999999999959e+00
1.338700000000000001e+00
1.326200000000000045e+00
1.325599999999999890e+00
1.315399999999999903e+00
1.309700000000000086e+00
1.316699999999999982e+00
1.307500000000000107e+00
1.285500000000000087e+00
1.268199999999999994e+00
1.249200000000000088e+00
1.235300000000000065e+00
1.237300000000000066e+00
1.217600000000000016e+00
1.207500000000000018e+00
1.223700000000000010e+00
1.226699999999999902e+00
1.205500000000000016e+00
1.218599999999999905e+00
1.196199999999999930e+00
1.191300000000000026e+00
1.189100000000000046e+00
1.195400000000000018e+00
1.188800000000000079e+00
1.192499999999999893e+00
1.198600000000000110e+00
1.189100000000000046e+00
1.175799999999999956e+00
1.182800000000000074e+00
1.174900000000000055e+00
1.169699999999999962e+00
1.161299999999999999e+00
1.171999999999999931e+00
1.196499999999999897e+00
1.179999999999999938e+00
1.164099999999999913e+00
1.174700000000000077e+00
1.173000000000000043e+00
1.157000000000000028e+00
1.144800000000000040e+00
1.158300000000000107e+00
1.159999999999999920e+00
1.163499999999999979e+00
1.160300000000000109e+00
1.155999999999999917e+00
1.154900000000000038e+00
1.157200000000000006e+00
1.153499999999999970e+00
1.149899999999999922e+00
1.143899999999999917e+00
1.149299999999999988e+00
1.145199999999999996e+00
1.137000000000000011e+00
1.127899999999999903e+00
1.130200000000000093e+00
1.146700000000000053e+00
1.157100000000000017e+00
1.182500000000000107e+00
1.192800000000000082e+00
1.187400000000000011e+00
1.199100000000000055e+00
1.195999999999999952e+00
1.192399999999999904e+00
1.190700000000000092e+00
1.222499999999999920e+00
1.245300000000000074e+00
1.267400000000000082e+00
1.272499999999999964e+00
1.277900000000000036e+00
1.260199999999999987e+00
1.247100000000000097e+00
1.262100000000000000e+00
1.269800000000000040e+00
1.278899999999999926e+00
1.281999999999999806e+00
1.308000000000000052e+00
1.321499999999999897e+00
1.326300000000000034e+00
1.317399999999999904e+00
1.330799999999999983e+00
1.317299999999999915e+00
1.342400000000000038e+00
1.364400000000000057e+00
1.383000000000000007e+00
1.380800000000000027e+00
1.383599999999999941e+00
1.382600000000000051e+00
1.378300000000000081e+00
1.354000000000000092e+00
1.350300000000000056e+00
1.364700000000000024e+00
1.389299999999999979e+00
1.413200000000000012e+00
1.400500000000000078e+00
1.407699999999999951e+00
1.376200000000000090e+00
1.360899999999999999e+00
1.377499999999999947e+00
1.361199999999999966e+00
1.355199999999999960e+00
1.350899999999999990e+00
1.345800000000000107e+00
1.353399999999999936e+00
1.369299999999999962e+00
1.366900000000000004e+00
1.375199999999999978e+00
1.365599999999999925e+00
1.359199999999999964e+00
1.369299999999999962e+00
1.365799999999999903e+00
1.369699999999999918e+00
1.372200000000000086e+00
1.369399999999999951e+00
1.350800000000000001e+00
1.338100000000000067e+00
1.362200000000000077e+00
1.349399999999999933e+00
1.355599999999999916e+00
1.372500000000000053e+00
1.394200000000000106e+00
1.380400000000000071e+00
1.384300000000000086e+00
1.377499999999999947e+00
1.390500000000000069e+00
1.387199999999999989e+00
1.386900000000000022e+00
1.412800000000000056e+00
1.427100000000000035e+00
1.440900000000000070e+00
1.433400000000000007e+00
1.416600000000000081e+00
1.429799999999999960e+00
1.445200000000000040e+00
1.465500000000000025e+00
1.486900000000000110e+00
1.534599999999999964e+00
1.521800000000000042e+00
1.545199999999999907e+00
1.540399999999999991e+00
1.543299999999999894e+00
1.519400000000000084e+00
1.497700000000000031e+00
1.517600000000000060e+00
1.488099999999999978e+00
1.461100000000000065e+00
1.469500000000000028e+00
1.489000000000000101e+00
1.493200000000000083e+00
1.477100000000000080e+00
1.477600000000000025e+00
1.467400000000000038e+00
1.472199999999999953e+00
1.448600000000000110e+00
1.451200000000000045e+00
1.460800000000000098e+00
1.468900000000000095e+00
1.495700000000000029e+00
1.477000000000000091e+00
1.477800000000000002e+00
1.482799999999999896e+00
1.486399999999999944e+00
1.512499999999999956e+00
1.542599999999999971e+00
1.521900000000000031e+00
1.503200000000000092e+00
1.521600000000000064e+00
1.558699999999999974e+00
1.557800000000000074e+00
1.541099999999999914e+00
1.524499999999999966e+00
1.530799999999999939e+00
1.539900000000000047e+00
1.567900000000000071e+00
1.571700000000000097e+00
1.592200000000000060e+00
1.578799999999999981e+00
1.599699999999999900e+00
1.596400000000000041e+00
1.587699999999999889e+00
1.581499999999999906e+00
1.550200000000000022e+00
1.531800000000000050e+00
1.545600000000000085e+00
1.569399999999999906e+00
1.576100000000000056e+00
1.578000000000000069e+00
1.571499999999999897e+00
1.559199999999999919e+00
1.541400000000000103e+00
1.512100000000000000e+00
1.476099999999999968e+00
1.458199999999999941e+00
1.383999999999999897e+00
1.352500000000000036e+00
1.382100000000000106e+00
1.396300000000000097e+00
1.363399999999999945e+00
1.322100000000000053e+00
1.313000000000000167e+00
1.312799999999999967e+00
1.295800000000000063e+00
1.329900000000000082e+00
1.328600000000000003e+00
1.342000000000000082e+00
1.378900000000000015e+00
1.357799999999999896e+00
1.322500000000000009e+00
1.312699999999999978e+00
1.288100000000000023e+00
1.246899999999999897e+00
1.196800000000000086e+00
1.218900000000000095e+00
1.224800000000000111e+00
1.240099999999999980e+00
1.215999999999999970e+00
1.235899999999999999e+00
1.255500000000000060e+00
1.240199999999999969e+00
1.222900000000000098e+00
1.204299999999999926e+00
1.177699999999999969e+00
1.177400000000000002e+00
1.181499999999999995e+00
1.161499999999999977e+00
1.157200000000000006e+00
1.148900000000000032e+00
1.157299999999999995e+00
1.144099999999999895e+00
1.110000000000000098e+00
1.113699999999999912e+00
1.129399999999999959e+00
1.118200000000000083e+00
1.116100000000000092e+00
1.128500000000000059e+00
1.135899999999999910e+00
1.153200000000000003e+00
1.176299999999999901e+00
1.171000000000000041e+00
1.168199999999999905e+00
1.135000000000000009e+00
1.095099999999999962e+00
1.065099999999999936e+00
1.050200000000000022e+00
1.057900000000000063e+00
1.026699999999999946e+00
9.754000000000000448e-01
9.671999999999999487e-01
1.002099999999999991e+00
1.009900000000000020e+00
9.986000000000000432e-01
1.002899999999999903e+00
1.013700000000000045e+00
9.992999999999999661e-01
1.016599999999999948e+00
1.012999999999999901e+00
1.053500000000000103e+00
1.058200000000000029e+00
1.184700000000000086e+00
1.217100000000000071e+00
1.233700000000000019e+00
1.224800000000000111e+00
1.245200000000000085e+00
1.264499999999999957e+00
1.224199999999999955e+00
1.152800000000000047e+00
1.126400000000000068e+00
1.122900000000000009e+00
1.087199999999999944e+00
1.081599999999999895e+00
1.054699999999999971e+00
1.059299999999999908e+00
1.053700000000000081e+00
1.043800000000000061e+00
1.057199999999999918e+00
1.022899999999999920e+00
1.005200000000000093e+00
1.040300000000000002e+00
1.037600000000000078e+00
1.042200000000000015e+00
1.040399999999999991e+00
1.032999999999999918e+00
1.017900000000000027e+00
1.012899999999999912e+00
1.008099999999999996e+00
9.939000000000000057e-01
9.876000000000000334e-01
9.766000000000000236e-01
9.579999999999999627e-01
9.679999999999999716e-01
9.766000000000000236e-01
9.553000000000000380e-01
9.817000000000000171e-01
1.002499999999999947e+00
1.019800000000000040e+00
1.024799999999999933e+00
1.023500000000000076e+00
1.012999999999999901e+00
9.967000000000000304e-01
9.938000000000000167e-01
9.928000000000000158e-01
1.009700000000000042e+00
1.028000000000000025e+00
1.014199999999999990e+00
9.923999999999999488e-01
9.782999999999999474e-01
9.871999999999999664e-01
9.969999999999999973e-01
9.898000000000000131e-01
9.920999999999999819e-01
1.009800000000000031e+00
1.024399999999999977e+00
1.018699999999999939e+00
1.019600000000000062e+00
1.031400000000000095e+00
1.040200000000000014e+00
1.040699999999999958e+00
1.034200000000000008e+00
1.036299999999999999e+00
1.048599999999999977e+00
1.063900000000000068e+00
1.094000000000000083e+00
1.105399999999999938e+00
1.110700000000000021e+00
1.099199999999999955e+00
1.089399999999999924e+00
1.082999999999999963e+00
1.073900000000000077e+00
1.092600000000000016e+00
1.101099999999999968e+00
1.121199999999999974e+00
1.132500000000000062e+00
1.153200000000000003e+00
1.212199999999999944e+00
1.249900000000000011e+00
1.261800000000000033e+00
1.233700000000000019e+00
1.217600000000000016e+00
1.236499999999999932e+00
1.286299999999999999e+00
1.314699999999999980e+00
1.326600000000000001e+00
1.307199999999999918e+00
1.327900000000000080e+00
1.371299999999999963e+00
1.420800000000000063e+00
1.379699999999999926e+00
1.322599999999999998e+00
1.281800000000000050e+00
1.294499999999999984e+00
1.289400000000000102e+00
1.305199999999999916e+00
1.299800000000000066e+00
1.310799999999999965e+00
1.325099999999999945e+00
1.343399999999999928e+00
1.333900000000000086e+00
1.318300000000000027e+00
1.310899999999999954e+00
1.338700000000000001e+00
1.343699999999999894e+00
1.360600000000000032e+00
1.329499999999999904e+00
1.268999999999999906e+00
1.260799999999999921e+00
1.227899999999999991e+00
1.260699999999999932e+00
1.277300000000000102e+00
1.276899999999999924e+00
1.242899999999999894e+00
1.258799999999999919e+00
1.293299999999999894e+00
1.273200000000000109e+00
1.286599999999999966e+00
1.312500000000000000e+00
1.313299999999999912e+00
1.304200000000000026e+00
1.303399999999999892e+00
1.300400000000000000e+00
1.320500000000000007e+00
1.343599999999999905e+00
1.330000000000000071e+00
1.320899999999999963e+00
